name: undergraduate_thesis
channels:
  - conda-forge
dependencies:
  - backports.zstd=1.6.0=py311h71c1bcc_0
  - blinker=1.9.0=pyhff2d567_0
  - brotli-python=1.2.0=py311hc5da9e4_1
  - bzip2=1.0.8=h0ad9c76_9
  - ca-certificates=2026.6.17=h4c7d964_0
  - certifi=2026.6.17=pyhd8ed1ab_0
  - charset-normalizer=3.4.9=pyhd8ed1ab_0
  - click=8.4.2=pyh6dadd2b_0
  - cmake=4.4.0=hdcbee5b_0
  - colorama=0.4.6=pyhd8ed1ab_1
  - dlib=19.24.2=py311h4b87eb8_2
  - flask=3.1.3=pyhcf101f3_1
  - h2=4.3.0=pyhcf101f3_0
  - hpack=4.2.0=pyhd8ed1ab_0
  - hyperframe=6.1.0=pyhd8ed1ab_0
  - icu=78.3=h637d24d_1
  - idna=3.18=pyhcf101f3_0
  - itsdangerous=2.2.0=pyhd8ed1ab_1
  - jinja2=3.1.6=pyhcf101f3_1
  - krb5=1.22.2=h719d79b_1
  - libblas=3.11.0=8_h8455456_mkl
  - libcblas=3.11.0=8_h2a3cdd5_mkl
  - libcurl=8.21.0=h51a1c48_2
  - libexpat=2.8.1=hac47afa_1
  - libffi=3.5.2=h3d046cb_0
  - libhwloc=2.13.0=default_h049141e_1000
  - libiconv=1.18=hc1393d2_2
  - libjpeg-turbo=3.2.0=hfd05255_0
  - liblapack=3.11.0=8_hf9ab0e9_mkl
  - liblzma=5.8.3=hfd05255_0
  - libpng=1.6.58=h7351971_0
  - libpsl=0.22.0=h25e0afd_1
  - libsqlite=3.53.3=hf5d6505_0
  - libssh2=1.11.1=h9aa295b_0
  - libuv=1.52.1=h6a83c73_0
  - libwinpthread=12.0.0.r4.gg4f2fc60ca=h57928b3_10
  - libxml2=2.15.3=h8ef44ab_0
  - libxml2-16=2.15.3=h3cfd58e_0
  - libzlib=1.3.2=hfd05255_2
  - llvm-openmp=22.1.8=h4fa8253_0
  - markupsafe=3.0.3=py311h3f79411_1
  - mkl=2026.1.0=hac47afa_233
  - onemkl-license=2026.1.0=h57928b3_233
  - openssl=3.6.3=hf411b9b_0
  - packaging=26.2=pyhc364b38_0
  - pip=26.1.2=pyh8b19718_0
  - pysocks=1.7.1=pyh09c184e_7
  - python=3.11.15=h0159041_1_cpython
  - python_abi=3.11=8_cp311
  - requests=2.34.2=pyhcf101f3_0
  - setuptools=83.0.0=pyh332efcf_0
  - tbb=2023.0.0=hd3d4ead_2
  - tk=8.6.13=h967ab96_3
  - tzdata=2026c=h151e31d_0
  - ucrt=10.0.26100.0=h57928b3_0
  - urllib3=2.7.0=pyhd8ed1ab_0
  - vc=14.5=h1b7c187_39
  - vc14_runtime=14.51.36231=h1b9f54f_39
  - vcomp14=14.51.36231=h1b9f54f_39
  - werkzeug=3.1.8=pyhcf101f3_0
  - wheel=0.47.0=pyhd8ed1ab_0
  - win_inet_pton=1.1.0=pyh7428d3b_8
  - zstd=1.5.7=h534d264_6
  - pip:
      - contourpy==1.3.3
      - cycler==0.12.1
      - face-recognition==1.3.0
      - face-recognition-models==0.3.0
      - filelock==3.32.0
      - fonttools==4.63.0
      - fsspec==2026.6.0
      - kiwisolver==1.5.0
      - matplotlib==3.11.1
      - mpmath==1.3.0
      - networkx==3.6.1
      - numpy==2.4.6
      - nvidia-ml-py==13.610.43
      - opencv-python==5.0.0.93
      - pillow==12.3.0
      - polars==1.43.0
      - polars-runtime-32==1.43.0
      - psutil==7.2.2
      - pyparsing==3.3.2
      - python-dateutil==2.9.0.post0
      - pyyaml==6.0.3
      - six==1.17.0
      - sympy==1.14.0
      - torch==2.13.0
      - torchvision==0.28.0
      - typing-extensions==4.16.0
      - ultralytics==8.4.104
      - ultralytics-thop==2.0.20
prefix: D:\MyProgramFiles\Miniforge\envs\undergraduate_thesis
